  -3.8831512e-01   5.9846629e-03
  -3.8050484e-01   1.2845489e-02
  -3.7100637e-01   2.0912374e-02
  -3.5855300e-01   3.1397734e-02
  -3.4768361e-01   4.0059701e-02
  -3.3818164e-01   4.9973823e-02
  -3.2858669e-01   6.0297052e-02
  -3.1913604e-01   7.0930340e-02
  -3.1100558e-01   7.9941508e-02
  -3.0081542e-01   9.1589912e-02
  -2.9194564e-01   1.0151357e-01
  -2.8529127e-01   1.1003387e-01
  -2.8016839e-01   1.1662736e-01
  -2.7467342e-01   1.2495990e-01
  -2.6912441e-01   1.3401001e-01
  -2.6431451e-01   1.4225025e-01
  -2.5913622e-01   1.5027969e-01
  -2.5432711e-01   1.5810943e-01
  -2.4935760e-01   1.6716829e-01
  -2.4465521e-01   1.7428126e-01
  -2.4063536e-01   1.8263605e-01
  -2.3597982e-01   1.9282854e-01
  -2.3211782e-01   2.0128834e-01
  -2.2835944e-01   2.1067334e-01
  -2.2507617e-01   2.1955238e-01
  -2.2063136e-01   2.2974805e-01
  -2.1888212e-01   2.3536616e-01
  -2.1602266e-01   2.4302007e-01
  -2.1305841e-01   2.5036451e-01
  -2.1019719e-01   2.5894204e-01
  -2.0765674e-01   2.6506135e-01
  -2.0511454e-01   2.7210428e-01
  -2.0246755e-01   2.7883774e-01
  -1.9833552e-01   2.9078280e-01
  -1.9584464e-01   2.9854489e-01
  -1.9319668e-01   3.0579148e-01
  -1.9022796e-01   3.1549628e-01
  -1.8726176e-01   3.2386697e-01
  -1.8530102e-01   3.2989239e-01
  -1.8291570e-01   3.3755345e-01
  -1.8047750e-01   3.4531634e-01
  -1.7776965e-01   3.5635923e-01
  -1.7575331e-01   3.6392323e-01
  -1.7378789e-01   3.7241164e-01
  -1.7161447e-01   3.7946014e-01
  -1.6896223e-01   3.8896446e-01
  -1.6487918e-01   4.0286017e-01
  -1.6090228e-01   4.1634697e-01
  -1.5808966e-01   4.2708040e-01
  -1.5564660e-01   4.3740890e-01
  -1.5299358e-01   4.4732372e-01
  -1.5076358e-01   4.5642390e-01
  -1.4816266e-01   4.6664739e-01
  -1.4513911e-01   4.7748026e-01
  -1.4232746e-01   4.8770057e-01
  -1.3988478e-01   4.9782382e-01
  -1.3813185e-01   5.0539179e-01
  -1.3601169e-01   5.1213321e-01
  -1.3468256e-01   5.1847604e-01
  -1.3266679e-01   5.2573217e-01
  -1.3070040e-01   5.3473370e-01
  -1.2634558e-01   5.5303828e-01
  -1.2448552e-01   5.6152828e-01
  -1.2278391e-01   5.6981542e-01
  -1.2118747e-01   5.7820677e-01
  -1.1964565e-01   5.8557267e-01
  -1.1784276e-01   5.9170311e-01
  -1.1635519e-01   5.9824881e-01
  -1.1444596e-01   6.0489078e-01
  -1.1285185e-01   6.1205064e-01
  -1.1125930e-01   6.1838951e-01
  -1.1003533e-01   6.2483656e-01
  -1.0844239e-01   6.3138067e-01
  -1.0705843e-01   6.3885158e-01
  -1.0519702e-01   6.4805995e-01
  -1.0317639e-01   6.5788169e-01
  -1.0078542e-01   6.6851885e-01
  -9.8869377e-02   6.7875267e-01
  -9.7271377e-02   6.8796502e-01
  -9.5833177e-02   6.9625613e-01
  -9.4499953e-02   7.0475408e-01
  -9.2849464e-02   7.1386300e-01
  -9.1515462e-02   7.2277145e-01
  -8.9864389e-02   7.3218825e-01
  -8.8425021e-02   7.4109511e-01
  -8.6504112e-02   7.5389453e-01
  -8.5114896e-02   7.6413630e-01
  -8.3197296e-02   7.7519112e-01
  -8.1070716e-02   7.8531913e-01
  -7.8092453e-02   8.0005253e-01
  -7.6337573e-02   8.0864674e-01
  -7.4418999e-02   8.2021468e-01
  -7.2017327e-02   8.3649618e-01
  -6.9888217e-02   8.4795831e-01
  -6.7489854e-02   8.6249520e-01
  -6.4177069e-02   8.7999449e-01
  -6.2043288e-02   8.9391960e-01
  -5.8950317e-02   9.1357737e-01
  -5.6275694e-02   9.3488349e-01
  -5.2544820e-02   9.6448649e-01
  -4.9812843e-02   9.8825479e-01
  -4.7245727e-02   1.0084336e+00
  -4.3971805e-02   1.0332200e+00
  -4.1297960e-02   1.0541157e+00
  -3.9152501e-02   1.0741982e+00
  -3.6473206e-02   1.0979673e+00
  -3.3694775e-02   1.1184509e+00
  -3.0595965e-02   1.1411874e+00
  -2.8313607e-02   1.1570602e+00
  -2.5270400e-02   1.1782581e+00
  -2.2394388e-02   1.1946351e+00
  -2.0425468e-02   1.2049707e+00
  -1.8240950e-02   1.2178688e+00
  -1.5683955e-02   1.2327112e+00
  -1.3393877e-02   1.2457103e+00
  -1.0942831e-02   1.2602464e+00
  -9.2381029e-03   1.2701755e+00
  -7.6447739e-03   1.2769249e+00
  -4.9375161e-03   1.2876599e+00
  -2.0687065e-03   1.3002398e+00
  -3.2161136e-04   1.3047290e+00
   1.1846411e-03   1.3353975e+00
   5.3530308e-03   1.3464526e+00
   7.1534070e-03   1.3527997e+00
   8.5748430e-03   1.3599679e+00
   1.0148052e-02   1.3669114e+00
   1.1759872e-02   1.3741508e+00
   1.3330972e-02   1.3799826e+00
   1.4634888e-02   1.3853737e+00
   1.6553206e-02   1.3937202e+00
   1.8279172e-02   1.4009579e+00
   2.0268667e-02   1.4067093e+00
   2.1533128e-02   1.4113597e+00
   2.3218094e-02   1.4170415e+00
   2.4446756e-02   1.4228784e+00
   2.5710796e-02   1.4273065e+00
   2.7242020e-02   1.4321753e+00
   2.8619925e-02   1.4364535e+00
   2.9884387e-02   1.4411040e+00
   3.1149973e-02   1.4463474e+00
   3.2414154e-02   1.4508496e+00
   3.3601535e-02   1.4549824e+00
   3.4713380e-02   1.4594128e+00
   3.5824663e-02   1.4635467e+00
   3.7011763e-02   1.4675313e+00
   3.8465624e-02   1.4717342e+00
   3.9575783e-02   1.4752752e+00
   4.0876606e-02   1.4790356e+00
   4.2063706e-02   1.4830202e+00
   4.3479659e-02   1.4872978e+00
   4.5124186e-02   1.4917202e+00
   4.6769978e-02   1.4968096e+00
   4.8223980e-02   1.5010866e+00
   4.9795502e-02   1.5071407e+00
   5.2089949e-02   1.5131839e+00
   5.4306751e-02   1.5184130e+00
   5.5876305e-02   1.5234294e+00
   5.7330448e-02   1.5277805e+00
   5.8631412e-02   1.5316151e+00
   6.0122058e-02   1.5351504e+00
   6.1995720e-02   1.5400140e+00
   6.4022701e-02   1.5454683e+00
   6.5475157e-02   1.5489300e+00
   6.7234111e-02   1.5534989e+00
   6.8801556e-02   1.5574036e+00
   7.0597996e-02   1.5616754e+00
   7.2470955e-02   1.5661685e+00
   7.4763574e-02   1.5712482e+00
   7.6750539e-02   1.5756654e+00
   7.8356736e-02   1.5799401e+00
   7.9885992e-02   1.5837712e+00
   8.1376778e-02   1.5873806e+00
   8.3209720e-02   1.5908366e+00
   8.4967409e-02   1.5947384e+00
   8.6687892e-02   1.5990855e+00
   8.8407111e-02   1.6027655e+00
   8.9973291e-02   1.6060032e+00
   9.2187563e-02   1.6098981e+00
   9.4478214e-02   1.6139402e+00
   9.5968297e-02   1.6171789e+00
   9.8068986e-02   1.6213721e+00
   1.0074069e-01   1.6257048e+00
   1.0390772e-01   1.6304007e+00
   1.0684506e-01   1.6343589e+00
   1.0947857e-01   1.6386181e+00
   1.1325270e-01   1.6424154e+00
   1.1668565e-01   1.6468849e+00
   1.2015398e-01   1.6499456e+00
   1.2674863e-01   1.6562945e+00
   1.3055799e-01   1.6586089e+00
   1.3459509e-01   1.6606233e+00
   1.3866981e-01   1.6624148e+00
   1.4381003e-01   1.6642644e+00
   1.5161169e-01   1.6650361e+00
   1.5773472e-01   1.6634614e+00
   1.6237047e-01   1.6601302e+00
   1.6647283e-01   1.6564364e+00
   1.6913118e-01   1.6537280e+00
   1.7190226e-01   1.6502767e+00
   1.7436882e-01   1.6467558e+00
   1.7656875e-01   1.6430908e+00
   1.7911099e-01   1.6393464e+00
   1.8195508e-01   1.6342634e+00
   1.8385034e-01   1.6304547e+00
   1.8563413e-01   1.6280560e+00
   1.8703659e-01   1.6252183e+00
   1.8843820e-01   1.6219359e+00
   1.9006741e-01   1.6182794e+00
   1.9150623e-01   1.6145517e+00
   1.9324817e-01   1.6101524e+00
   1.9491388e-01   1.6056801e+00
   1.9639060e-01   1.6018777e+00
   1.9756393e-01   1.5985987e+00
   1.9907842e-01   1.5946475e+00
   2.0063041e-01   1.5903993e+00
   2.0172679e-01   1.5866768e+00
   2.0301285e-01   1.5826549e+00
   2.0448916e-01   1.5786302e+00
   2.0585188e-01   1.5749036e+00
   2.0706213e-01   1.5710311e+00
   2.0811990e-01   1.5670127e+00
   2.0955478e-01   1.5612097e+00
   2.1099178e-01   1.5565185e+00
   2.1246555e-01   1.5511597e+00
   2.1375063e-01   1.5466190e+00
   2.1507418e-01   1.5423001e+00
   2.1639815e-01   1.5382035e+00
   2.1798692e-01   1.5332876e+00
   2.1976579e-01   1.5282948e+00
   2.2093194e-01   1.5212358e+00
   2.2191193e-01   1.5163291e+00
   2.2297040e-01   1.5126813e+00
   2.2417840e-01   1.5076229e+00
   2.2557538e-01   1.5018947e+00
   2.2720093e-01   1.4963112e+00
   2.2875108e-01   1.4910994e+00
   2.3018793e-01   1.4863341e+00
   2.3147315e-01   1.4818675e+00
   2.3272004e-01   1.4772533e+00
   2.3411955e-01   1.4728591e+00
   2.3570874e-01   1.4681656e+00
   2.3725622e-01   1.4615456e+00
   2.3899634e-01   1.4561827e+00
   2.4043319e-01   1.4514174e+00
   2.4187075e-01   1.4470226e+00
   2.4315470e-01   1.4418890e+00
   2.4519724e-01   1.4354839e+00
   2.4735463e-01   1.4294476e+00
   2.4912956e-01   1.4223795e+00
   2.5102257e-01   1.4173849e+00
   2.5257371e-01   1.4126920e+00
   2.5465472e-01   1.4065086e+00
   2.5628167e-01   1.4016663e+00
   2.5855419e-01   1.3961472e+00
   2.6037026e-01   1.3907090e+00
   2.6180712e-01   1.3859437e+00
   2.6354948e-01   1.3817667e+00
   2.6510006e-01   1.3767773e+00
   2.6714372e-01   1.3709651e+00
   2.6918977e-01   1.3664130e+00
   2.7104263e-01   1.3603072e+00
   2.7274414e-01   1.3546484e+00
   2.7558190e-01   1.3462301e+00
   2.7898618e-01   1.3355796e+00
   2.8163862e-01   1.3297583e+00
   2.8508601e-01   1.3217755e+00
   2.8813391e-01   1.3110207e+00
   2.8976380e-01   1.3054036e+00
   2.9193774e-01   1.2983136e+00
   2.9424966e-01   1.2918872e+00
   2.9615423e-01   1.2869317e+00
   2.9908484e-01   1.2795307e+00
   3.0180124e-01   1.2723742e+00
   3.0562911e-01   1.2633285e+00
   3.0804047e-01   1.2575248e+00
   3.1041196e-01   1.2509728e+00
   3.1286177e-01   1.2451685e+00
   3.1542820e-01   1.2400366e+00
   3.1787773e-01   1.2340825e+00
   3.2074920e-01   1.2275978e+00
   3.2381007e-01   1.2196123e+00
   3.2725615e-01   1.2119954e+00
   3.3008846e-01   1.2051368e+00
   3.3338202e-01   1.1981963e+00
   3.3598549e-01   1.1923148e+00
   3.3862569e-01   1.1855340e+00
   3.4176475e-01   1.1782214e+00
   3.4447972e-01   1.1703159e+00
   3.4746711e-01   1.1641291e+00
   3.5022423e-01   1.1581704e+00
   3.5255670e-01   1.1513193e+00
   3.5474006e-01   1.1469422e+00
   3.5722903e-01   1.1415118e+00
   3.5921773e-01   1.1358643e+00
   3.6201287e-01   1.1296804e+00
   3.6477241e-01   1.1249949e+00
   3.6702826e-01   1.1182948e+00
   3.6940174e-01   1.1127913e+00
   3.7231166e-01   1.1063060e+00
   3.7487540e-01   1.0997511e+00
   3.7713538e-01   1.0952230e+00
   3.8027514e-01   1.0882848e+00
   3.8257257e-01   1.0832319e+00
   3.8552194e-01   1.0772703e+00
   3.8820301e-01   1.0717621e+00
   3.9115138e-01   1.0652763e+00
   3.9413777e-01   1.0585651e+00
   3.9754171e-01   1.0490015e+00
   4.0125593e-01   1.0408563e+00
   4.0577404e-01   1.0308264e+00
   4.0944925e-01   1.0223822e+00
   4.1258376e-01   1.0126728e+00
   4.1625854e-01   1.0040039e+00
   4.2023865e-01   9.9413195e-01
   4.2368515e-01   9.8673976e-01
   4.2632508e-01   9.7980914e-01
   4.2831491e-01   9.7476083e-01
   4.3091880e-01   9.6910406e-01
   4.3359760e-01   9.6239755e-01
   4.3658414e-01   9.5576131e-01
   4.3918448e-01   9.4823209e-01
   4.4148162e-01   9.4302934e-01
   4.4423718e-01   9.3624678e-01
   4.4683979e-01   9.2991593e-01
   4.5085991e-01   9.2086729e-01
   4.5403954e-01   9.1467753e-01
   4.5706126e-01   9.0631806e-01
   4.6023890e-01   8.9907973e-01
   4.6387410e-01   8.8981220e-01
   4.6666782e-01   8.8287926e-01
   4.6961576e-01   8.7616870e-01
   4.7390232e-01   8.6569295e-01
   4.7703939e-01   8.5733173e-01
   4.7990802e-01   8.4934907e-01
   4.8327450e-01   8.4031029e-01
   4.8656593e-01   8.3224635e-01
   4.8962481e-01   8.2321221e-01
   4.9325504e-01   8.1132326e-01
   4.9716123e-01   8.0302535e-01
   5.0037661e-01   7.9541195e-01
   5.0343763e-01   7.8750128e-01
   5.0630924e-01   7.8109147e-01
   5.0998332e-01   7.7204805e-01
   5.1269886e-01   7.6444220e-01
   5.1541469e-01   7.5698614e-01
   5.1859219e-01   7.4967291e-01
   5.2123453e-01   7.4401555e-01
   5.2383856e-01   7.3843368e-01
   5.2759053e-01   7.2991339e-01
   5.3053861e-01   7.2327772e-01
   5.3340895e-01   7.1619383e-01
   5.3662532e-01   7.0910471e-01
   5.3922723e-01   7.0239937e-01
   5.4470315e-01   6.9055748e-01
   5.4738252e-01   6.8415056e-01
   5.5025357e-01   6.7744116e-01
   5.5262775e-01   6.7231215e-01
   5.5503698e-01   6.6538501e-01
   5.5710457e-01   6.6078493e-01
   5.6009125e-01   6.5422358e-01
   5.6307494e-01   6.4608938e-01
   5.6663793e-01   6.3929464e-01
   5.6928027e-01   6.3363728e-01
   5.7195893e-01   6.2685588e-01
   5.7513785e-01   6.2029163e-01
   5.7793256e-01   6.1388298e-01
   5.8076417e-01   6.0664987e-01
   5.8428785e-01   5.9940632e-01
   5.8723594e-01   5.9277066e-01
   5.9026135e-01   5.8635852e-01
   5.9202276e-01   5.8251206e-01
   5.9405134e-01   5.7761296e-01
   5.9696111e-01   5.7105277e-01
   5.9937290e-01   5.6547379e-01
   6.0140218e-01   5.6094919e-01
   6.0377666e-01   5.5596997e-01
   6.0619000e-01   5.5121487e-01
   6.0887250e-01   5.4645571e-01
   6.1178299e-01   5.4027001e-01
   6.1668246e-01   5.2858661e-01
   6.1886582e-01   5.2420948e-01
   6.2070286e-01   5.1968777e-01
   6.2346041e-01   5.1395378e-01
   6.2633387e-01   5.0851764e-01
   6.2966630e-01   5.0180127e-01
   6.3242242e-01   4.9531830e-01
   6.3491097e-01   4.8966327e-01
   6.3824539e-01   4.8399547e-01
   6.4257679e-01   4.7688954e-01
   6.4709448e-01   4.6663500e-01
   6.5012045e-01   4.6052246e-01
   6.5287899e-01   4.5531275e-01
   6.5559951e-01   4.5032831e-01
   6.5793581e-01   4.4549947e-01
   6.6034888e-01   4.4059458e-01
   6.6356810e-01   4.3500342e-01
   6.6701574e-01   4.2821042e-01
   6.7011975e-01   4.2269590e-01
   6.7352979e-01   4.1635286e-01
   6.7678689e-01   4.1046153e-01
   6.7923883e-01   4.0578075e-01
   6.8215230e-01   4.0116790e-01
   6.8448961e-01   3.9686334e-01
   6.8744011e-01   3.9150094e-01
   6.9077425e-01   3.8568335e-01
   6.9272819e-01   3.8198378e-01
   6.9460269e-01   3.7693720e-01
   6.9682350e-01   3.7203521e-01
   6.9931261e-01   3.6667976e-01
   7.0168808e-01   3.6222483e-01
   7.0502165e-01   3.5610765e-01
   7.1015822e-01   3.4779117e-01
   7.1261030e-01   3.4318529e-01
   7.1602133e-01   3.3736653e-01
   7.1946869e-01   3.3042374e-01
   7.2318803e-01   3.2497483e-01
   7.2686665e-01   3.1832815e-01
   7.3276978e-01   3.0872680e-01
   7.3836646e-01   2.9972928e-01
   7.4442410e-01   2.9050011e-01
   7.4783485e-01   2.8453156e-01
   7.5166840e-01   2.7848174e-01
   7.5603698e-01   2.7070114e-01
   7.6113864e-01   2.6425769e-01
   7.6355256e-01   2.5980218e-01
   7.6565973e-01   2.5580069e-01
   7.6822745e-01   2.5134286e-01
   7.7102671e-01   2.4733094e-01
   7.7455267e-01   2.4128575e-01
   7.7784850e-01   2.3554364e-01
   7.8233313e-01   2.2813580e-01
   7.8589754e-01   2.2209003e-01
   7.8907916e-01   2.1694884e-01
   7.9421601e-01   2.0878215e-01
   7.9736046e-01   2.0431562e-01
   8.0188283e-01   1.9653271e-01
   8.0621508e-01   1.8987616e-01
   8.1016242e-01   1.8300072e-01
   8.1292238e-01   1.7853999e-01
   8.1656582e-01   1.7361653e-01
   8.1859823e-01   1.7073967e-01
   8.2116764e-01   1.6718062e-01
   8.2396719e-01   1.6331849e-01
   8.2699714e-01   1.5930308e-01
   8.3014188e-01   1.5498635e-01
   8.3340182e-01   1.5059297e-01
   8.3627812e-01   1.4665478e-01
   8.3953820e-01   1.4233631e-01
   8.4302940e-01   1.3823905e-01
   8.4632794e-01   1.3391999e-01
   8.5001025e-01   1.2922064e-01
   8.5395972e-01   1.2346867e-01
   8.5721838e-01   1.1840122e-01
   8.5986370e-01   1.1431671e-01
   8.6456849e-01   1.1027887e-01
   8.7342231e-01   1.0021611e-01
   8.7756849e-01   9.6476088e-02
   8.8152380e-01   9.1635697e-02
   8.8547981e-01   8.7163044e-02
   8.9056710e-01   8.1937829e-02
   8.9697167e-01   7.4486255e-02
   9.0187088e-01   6.9631624e-02
   9.0695678e-01   6.3670935e-02
   9.1129034e-01   5.9192585e-02
   9.1637833e-01   5.4335107e-02
   9.2240883e-01   4.8727915e-02
   9.3013834e-01   4.3095091e-02
   9.3579267e-01   3.8229069e-02
   9.4069397e-01   3.4477650e-02
   9.4615813e-01   2.8879001e-02
   9.5162577e-01   2.5119039e-02
   9.5803452e-01   1.9873887e-02
   9.6199262e-01   1.6504446e-02
   9.6802800e-01   1.3471413e-02
   9.7140433e-01   1.0550960e-02
   9.7637282e-01   7.5767991e-03
   9.8001143e-01   5.5382396e-03
   9.8494292e-01   3.7090600e-03
   9.8846649e-01   2.9692488e-03
   9.9375308e-01   2.5080199e-03
   1.0000581e+00   2.1077214e-03
