  -2.8375789e-01   1.8416094e-03
  -2.7110780e-01   4.9348398e-03
  -2.5928921e-01   7.1169691e-03
  -2.4779698e-01   1.0843431e-02
  -2.3588133e-01   1.5589777e-02
  -2.2112120e-01   2.0087957e-02
  -2.1405665e-01   2.2649688e-02
  -2.0700450e-01   2.5622116e-02
  -2.0120161e-01   2.9639662e-02
  -1.9413725e-01   3.2098769e-02
  -1.8854801e-01   3.4580130e-02
  -1.8295800e-01   3.7471989e-02
  -1.7873890e-01   3.9768766e-02
  -1.7372820e-01   4.2771991e-02
  -1.6850618e-01   4.6079910e-02
  -1.6265120e-01   4.9788789e-02
  -1.5816849e-01   5.2184216e-02
  -1.5326218e-01   5.5702152e-02
  -1.4772310e-01   5.9518424e-02
  -1.4487433e-01   6.1527993e-02
  -1.4176138e-01   6.3944084e-02
  -1.3548415e-01   6.8057102e-02
  -1.3210759e-01   7.0571844e-02
  -1.2936322e-01   7.3096123e-02
  -1.2688304e-01   7.5213879e-02
  -1.2466686e-01   7.7027736e-02
  -1.2165869e-01   7.9753290e-02
  -1.1780682e-01   8.2876625e-02
  -1.1411280e-01   8.6104969e-02
  -1.1004902e-01   8.9840870e-02
  -1.0630212e-01   9.3171043e-02
  -1.0216630e-01   9.6700603e-02
  -9.8869150e-02   9.9011289e-02
  -9.6281759e-02   1.0210239e-01
  -9.3799927e-02   1.0509245e-01
  -9.0554975e-02   1.0766049e-01
  -8.7150514e-02   1.1099583e-01
  -8.4008980e-02   1.1459170e-01
  -8.1237588e-02   1.1747477e-01
  -7.9231167e-02   1.1980493e-01
  -7.5322911e-02   1.2487733e-01
  -7.0807148e-02   1.3081290e-01
  -6.8140149e-02   1.3421068e-01
  -6.5289149e-02   1.3740042e-01
  -6.2832686e-02   1.4090401e-01
  -6.0034660e-02   1.4394061e-01
  -5.6391473e-02   1.4814468e-01
  -5.3750328e-02   1.5179942e-01
  -5.1637665e-02   1.5458980e-01
  -4.9181396e-02   1.5799075e-01
  -4.7015077e-02   1.6129346e-01
  -4.4849148e-02   1.6439091e-01
  -4.2392101e-02   1.6820237e-01
  -3.9196911e-02   1.7231057e-01
  -3.6606405e-02   1.7704366e-01
  -3.4597745e-02   1.8055399e-01
  -3.2244799e-02   1.8503409e-01
  -2.8389128e-02   1.9015860e-01
  -2.6565442e-02   1.9336385e-01
  -2.4821169e-02   1.9636504e-01
  -2.3394355e-02   1.9865263e-01
  -2.1307158e-02   2.0190521e-01
  -1.9086404e-02   2.0613074e-01
  -1.6970141e-02   2.1081967e-01
  -1.4722170e-02   2.1550661e-01
  -1.2316735e-02   2.1988329e-01
  -1.0360174e-02   2.2370230e-01
  -8.1394209e-03   2.2792783e-01
  -6.1566158e-03   2.3169512e-01
  -3.6462047e-03   2.3586497e-01
  -1.0524873e-03   2.4229135e-01
   9.7352802e-04   7.6884125e-01
   3.1937947e-03   7.7281022e-01
   4.7005086e-03   7.7555842e-01
   6.6840922e-03   7.7973621e-01
   8.2446566e-03   7.8309937e-01
   9.7800475e-03   7.8707867e-01
   1.1288124e-02   7.9054525e-01
   1.3033954e-02   7.9436743e-01
   1.4754902e-02   7.9895969e-01
   1.6555459e-02   8.0385864e-01
   1.8486360e-02   8.0803723e-01
   2.0233260e-02   8.1242384e-01
   2.2031481e-02   8.1609130e-01
   2.3512145e-02   8.1899384e-01
   2.5152415e-02   8.2271499e-01
   2.6898148e-02   8.2648586e-01
   2.8485345e-02   8.3000255e-01
   3.0232635e-02   8.3459442e-01
   3.2269096e-02   8.3887404e-01
   3.3910534e-02   8.4321094e-01
   3.5234123e-02   8.4662898e-01
   3.7007365e-02   8.5101520e-01
   3.8648414e-02   8.5514685e-01
   4.0289073e-02   8.5907325e-01
   4.2747774e-02   8.6375701e-01
   4.4888725e-02   8.6757323e-01
   4.6556504e-02   8.7190973e-01
   4.8145648e-02   8.7645267e-01
   4.9470308e-02   8.8043515e-01
   5.1109897e-02   8.8379711e-01
   5.3655084e-02   8.8894139e-01
   5.5879632e-02   8.9516810e-01
   5.8104570e-02   9.0160005e-01
   5.9799567e-02   9.0639796e-01
   6.1281302e-02   9.0986493e-01
   6.2921474e-02   9.1353477e-01
   6.4825839e-02   9.1761113e-01
   6.6836543e-02   9.2219902e-01
   6.8742075e-02   9.2689113e-01
   7.0859896e-02   9.3240105e-01
   7.3345523e-02   9.3739229e-01
   7.5146663e-02   9.4259910e-01
   7.7424479e-02   9.4913289e-01
   8.0545219e-02   9.5565395e-01
   8.2662650e-02   9.6095862e-01
   8.4836268e-02   9.6810974e-01
   8.7852421e-02   9.7504289e-01
   9.1503297e-02   9.8330062e-01
   9.4730764e-02   9.9053847e-01
   9.8115696e-02   9.9746605e-01
   1.0044366e-01   1.0026649e+00
   1.0287622e-01   1.0074517e+00
   1.0499170e-01   1.0117301e+00
   1.0747811e-01   1.0171319e+00
   1.1054597e-01   1.0235511e+00
   1.1509382e-01   1.0325137e+00
   1.1900927e-01   1.0413832e+00
   1.2308239e-01   1.0500451e+00
   1.2683785e-01   1.0578907e+00
   1.3016913e-01   1.0643060e+00
   1.3360830e-01   1.0720538e+00
   1.3625315e-01   1.0776584e+00
   1.3874520e-01   1.0860362e+00
   1.4123238e-01   1.0918484e+00
   1.4408990e-01   1.0984761e+00
   1.4742254e-01   1.1056097e+00
   1.5007069e-01   1.1129589e+00
   1.5271651e-01   1.1190767e+00
   1.5483160e-01   1.1231498e+00
   1.5715996e-01   1.1285540e+00
   1.5880091e-01   1.1326343e+00
   1.6218526e-01   1.1392540e+00
   1.6472551e-01   1.1452707e+00
   1.6678851e-01   1.1496525e+00
   1.7033071e-01   1.1561672e+00
   1.7350453e-01   1.1628928e+00
   1.7683600e-01   1.1694106e+00
   1.8027536e-01   1.1772611e+00
   1.8418946e-01   1.1854122e+00
   1.8773399e-01   1.1931584e+00
   1.9080244e-01   1.1998855e+00
   1.9403069e-01   1.2075338e+00
   1.9841990e-01   1.2161909e+00
   2.0502977e-01   1.2290223e+00
   2.1010503e-01   1.2382848e+00
   2.1444156e-01   1.2469427e+00
   2.1772015e-01   1.2533587e+00
   2.2216224e-01   1.2621177e+00
   2.2871553e-01   1.2728973e+00
   2.3315256e-01   1.2789880e+00
   2.3706374e-01   1.2855997e+00
   2.4076457e-01   1.2924199e+00
   2.4647124e-01   1.3012624e+00
   2.5212309e-01   1.3089768e+00
   2.5936496e-01   1.3216960e+00
   2.6528275e-01   1.3307405e+00
   2.6982437e-01   1.3364191e+00
   2.7568773e-01   1.3445409e+00
   2.8218308e-01   1.3525504e+00
   2.8788761e-01   1.3602640e+00
   2.9459506e-01   1.3689888e+00
   3.0140612e-01   1.3767883e+00
   3.0721582e-01   1.3843977e+00
   3.1455216e-01   1.3913683e+00
   3.2088791e-01   1.3985593e+00
   3.3107203e-01   1.4070263e+00
   3.3756310e-01   1.4127782e+00
   3.4521222e-01   1.4179994e+00
   3.5117336e-01   1.4221172e+00
   3.5913857e-01   1.4273336e+00
   3.6720487e-01   1.4302908e+00
   3.7532464e-01   1.4336576e+00
   3.8249475e-01   1.4363204e+00
   3.9198192e-01   1.4384350e+00
   4.0641350e-01   1.4363700e+00
   4.1541816e-01   1.4340790e+00
   4.2321015e-01   1.4312931e+00
   4.2836800e-01   1.4285470e+00
   4.3378790e-01   1.4250786e+00
   4.3836604e-01   1.4222385e+00
   4.4420682e-01   1.4184559e+00
   4.5057345e-01   1.4141521e+00
   4.5883005e-01   1.4063305e+00
   4.6345796e-01   1.4019503e+00
   4.6687611e-01   1.3986147e+00
   4.7013485e-01   1.3945631e+00
   4.7355163e-01   1.3905090e+00
   4.7591555e-01   1.3868814e+00
   4.7927946e-01   1.3827256e+00
   4.8227712e-01   1.3799094e+00
   4.8632591e-01   1.3757433e+00
   4.9011108e-01   1.3714784e+00
   4.9263402e-01   1.3683616e+00
   4.9478739e-01   1.3648397e+00
   4.9972828e-01   1.3588128e+00
   5.0398566e-01   1.3535146e+00
   5.0782099e-01   1.3479149e+00
   5.1197222e-01   1.3422078e+00
   5.1570413e-01   1.3376359e+00
   5.1854122e-01   1.3334880e+00
   5.2148444e-01   1.3297490e+00
   5.2484680e-01   1.3247721e+00
   5.2778652e-01   1.3191859e+00
   5.3015063e-01   1.3156609e+00
   5.3225171e-01   1.3123452e+00
   5.3456216e-01   1.3083078e+00
   5.3803027e-01   1.3035347e+00
   5.4081175e-01   1.2978482e+00
   5.4443382e-01   1.2909175e+00
   5.4789940e-01   1.2848102e+00
   5.5052516e-01   1.2803577e+00
   5.5294001e-01   1.2758056e+00
   5.5509435e-01   1.2727969e+00
   5.5766783e-01   1.2685504e+00
   5.6034414e-01   1.2629681e+00
   5.6338709e-01   1.2562515e+00
   5.6769170e-01   1.2480790e+00
   5.7189094e-01   1.2399081e+00
   5.7598521e-01   1.2319440e+00
   5.7840005e-01   1.2273920e+00
   5.8097197e-01   1.2223244e+00
   5.8333257e-01   1.2169522e+00
   5.8637630e-01   1.2106460e+00
   5.8873729e-01   1.2054790e+00
   5.9167565e-01   1.1991745e+00
   5.9429753e-01   1.1926694e+00
   5.9791921e-01   1.1855335e+00
   6.0143533e-01   1.1782965e+00
   6.0447750e-01   1.1711693e+00
   6.0809762e-01   1.1632124e+00
   6.1297785e-01   1.1529787e+00
   6.1623036e-01   1.1456431e+00
   6.1932579e-01   1.1388230e+00
   6.2226474e-01   1.1328263e+00
   6.2462184e-01   1.1256068e+00
   6.2819064e-01   1.1183691e+00
   6.3102344e-01   1.1119634e+00
   6.3338249e-01   1.1057702e+00
   6.3611031e-01   1.0995714e+00
   6.3894233e-01   1.0927553e+00
   6.4198139e-01   1.0839861e+00
   6.4544191e-01   1.0752106e+00
   6.4916856e-01   1.0678679e+00
   6.5163414e-01   1.0622888e+00
   6.5414890e-01   1.0548617e+00
   6.5713994e-01   1.0485563e+00
   6.5939265e-01   1.0418516e+00
   6.6164691e-01   1.0359678e+00
   6.6400693e-01   1.0302877e+00
   6.6673242e-01   1.0228574e+00
   6.6935508e-01   1.0167628e+00
   6.7223842e-01   1.0092275e+00
   6.7601387e-01   9.9983151e-01
   6.7957994e-01   9.9115702e-01
   6.8272612e-01   9.8330988e-01
   6.8545219e-01   9.7618748e-01
   6.8870295e-01   9.6792825e-01
   6.9137595e-01   9.6060139e-01
   6.9315763e-01   9.5554578e-01
   6.9530399e-01   9.4832949e-01
   6.9750480e-01   9.4203603e-01
   6.9991477e-01   9.3491839e-01
   7.0280006e-01   9.2840934e-01
   7.0583912e-01   9.1964018e-01
   7.0861904e-01   9.1313272e-01
   7.1123994e-01   9.0611453e-01
   7.1401870e-01   8.9899133e-01
   7.1695317e-01   8.9063425e-01
   7.2035983e-01   8.8124377e-01
   7.2350503e-01   8.7288352e-01
   7.2774742e-01   8.5968323e-01
   7.3110082e-01   8.4998567e-01
   7.3508175e-01   8.3781560e-01
   7.3964101e-01   8.2502104e-01
   7.4383539e-01   8.1428453e-01
   7.4713474e-01   8.0386940e-01
   7.5226904e-01   7.8870574e-01
   7.5709133e-01   7.7570195e-01
   7.6159947e-01   7.6372918e-01
   7.6474311e-01   7.5454793e-01
   7.6809690e-01   7.4505562e-01
   7.7186826e-01   7.3350447e-01
   7.7516956e-01   7.2411559e-01
   7.7988473e-01   7.1018978e-01
   7.8444127e-01   6.9595847e-01
   7.8800404e-01   6.8553937e-01
   7.9298087e-01   6.7068597e-01
   7.9732707e-01   6.5666309e-01
   8.0109999e-01   6.4593294e-01
   8.0450373e-01   6.3500310e-01
   8.0680796e-01   6.2768180e-01
   8.1052975e-01   6.1777344e-01
   8.1430130e-01   6.0632491e-01
   8.1759949e-01   5.9529404e-01
   8.2053220e-01   5.8601334e-01
   8.2299486e-01   5.7889491e-01
   8.2571763e-01   5.7002789e-01
   8.2964859e-01   5.5929535e-01
   8.3205604e-01   5.5084360e-01
   8.3451870e-01   5.4372516e-01
   8.3708497e-01   5.3568152e-01
   8.4006998e-01   5.2619478e-01
   8.4305460e-01   5.1650279e-01
   8.4577600e-01   5.0691740e-01
   8.4844667e-01   4.9835905e-01
   8.5101138e-01   4.8949441e-01
   8.5410351e-01   4.8092970e-01
   8.5687954e-01   4.7236976e-01
   8.6028251e-01   4.6102942e-01
   8.6384255e-01   4.4917358e-01
   8.6724396e-01   4.3701225e-01
   8.7153982e-01   4.2422166e-01
   8.7446922e-01   4.1319635e-01
   8.7745307e-01   4.0309387e-01
   8.8111789e-01   3.9092856e-01
   8.8415383e-01   3.8051741e-01
   8.8860520e-01   3.6639032e-01
   8.9279763e-01   3.5462756e-01
   8.9551903e-01   3.4504217e-01
   8.9829506e-01   3.3648223e-01
   9.0284907e-01   3.2091681e-01
   9.0667564e-01   3.1069899e-01
   9.1280255e-01   2.9110737e-01
   9.1767187e-01   2.7512669e-01
   9.2128577e-01   2.6388580e-01
   9.2390453e-01   2.5573874e-01
   9.3003046e-01   2.3563401e-01
   9.3379364e-01   2.1977264e-01
   9.3641084e-01   2.1080458e-01
   9.3871409e-01   2.0297016e-01
   9.4117364e-01   1.9420974e-01
   9.4400099e-01   1.8493063e-01
   9.4740396e-01   1.7359030e-01
   9.5059756e-01   1.6297151e-01
   9.5321573e-01   1.5451658e-01
   9.5635393e-01   1.4246184e-01
   9.5949776e-01   1.3338322e-01
   9.6248277e-01   1.2389648e-01
   9.6651482e-01   1.1090461e-01
   9.6881963e-01   1.0389119e-01
   9.7149127e-01   9.5845958e-02
   9.7452740e-01   8.5537429e-02
   9.7683065e-01   7.7703010e-02
   9.7981702e-01   6.8934640e-02
   9.8326995e-01   5.6156768e-02
   9.8562549e-01   4.8116306e-02
   9.8824231e-01   3.8943002e-02
   9.9002048e-01   3.2040150e-02
   9.9195826e-01   2.5955908e-02
   9.9405291e-01   1.9253536e-02
   9.9609567e-01   1.2962456e-02
   9.9793042e-01   8.1112953e-03
   1.0000262e+00   2.0246690e-03
