alt	CO	O	CO2	N	N2	O2
100.0	116000000000.0	69000000000.0	733000000000000.0	3570.0	31000000000000.0	406230942210.0336
100.86937792042349	109670821661.06654	64990055725.260284	599651477134884.4	1691640.4184373769	25552173394377.477	518715248463.3627
101.96014211896109	102317555597.27446	60400360693.27218	459891122703593.7	2468418.7880514073	19817795025756.33	406230942210.0336
103.10736156596408	95241602965.52739	56064830194.28502	342522995709470.3	2092605.5747682329	14972316572262.729	318130049679.38275
104.01687470363892	90075902180.67082	52957618713.17514	268511679224161.06	1233879.526131265	11894272915895.719	249165633873.12665
104.96501511657956	85077283835.8878	50003735105.63024	206992782969723.97	87780.44068843662	9314043010025.602	195147584783.52136
105.0	84900000000.0	49900000000.0	205000000000000.0	44000.0	9230000000000.0	193351754626.94626
105.8418436367217	80779548998.26782	47510201819.594444	162413104532028.53	-970961.9944143738	7424267046095.398	152845883238.16852
106.75076250862317	76627544139.25414	45145695186.86583	126770690193260.77	-1834944.8172034277	5893123802321.094	119711900107.0413
107.6240254341254	72904200263.44502	43065296337.510216	100870074870021.2	-2224461.1929482035	4761639325132.0205	93762389293.42938
108.56860025242612	69142017101.40987	41003644766.922455	80034261851603.86	-1914553.195967326	3832554108935.776	73435233575.12991
109.1848432309671	66822109147.61253	39753042601.16518	69449936153787.08	-1180177.9458461385	3351609704858.3315	57524358331.96139
110.0	63900000000.0	38200000000.0	57900000000000.0	582000.0	2820000000000.0	47121338225.71605
110.28006442280464	62931519616.13275	37690581640.24182	54357632601625.89	1417058.9742339505	2656226555937.661	45050000243.8624
111.38388272202965	59278565470.07862	35794820220.876366	42026338214879.195	5392637.865562577	2084767534717.876	34242510073.74436
112.21178123357029	56700394429.40411	34484578273.38247	34353932001228.62	8352593.506730654	1727611363587.9966	25288398849.37163
112.84882351417755	54804017738.42267	33537717908.162582	29281849434821.914	10117048.615012392	1490394356368.1482	19809070896.80266
113.39613166301336	53231756404.58815	32764755959.888203	25453779850022.46	11004281.629443016	1310483328855.2578	15517666639.688547
114.39656746400621	50484205352.82211	31443260051.29037	19596729635669.66	10418153.992611902	1032914855123.8649	12153183914.395395
115.0	48900000000.0	30700000000.0	16700000000000.0	8250000.0	894000000000.0	10204616918.739992
115.20208409134987	48380912644.67663	30459667371.61329	15826102630160.658	7171784.504395423	851774022085.9153	9519105981.106043
115.92291784599534	46574023588.573074	29635242967.782707	13068084308562.14	2926155.7926848093	717219169243.6871	7456253964.88214
116.67049356044024	44770695292.59331	28829964342.994644	10741733241416.102	691636.8622501995	601677445526.214	5840357061.047525
117.5473220805824	42741424736.92049	27941856266.360996	8599126590402.282	6036067.544989331	492744425269.57996	4574356041.415167
118.31718276152681	41030895952.78311	27204907493.26355	7142319298631.726	22498987.68832539	416618621228.02527	3582975345.863825
119.19401128166895	39157500659.0018	26405464920.300827	5849893731960.795	60274425.25439613	347170550282.43787	2806301866.1831927
120.0	37500000000.0	25700000000.0	4900000000000.0	118000000.0	295000000000.0	2273224774.158968
120.39568044567854	36707232517.790504	25361676853.777725	4487300500990.928	155634490.7933729	272201427046.18274	2039184372.29952
121.16411322519251	35204358520.940956	24717656397.788464	3766980913504.8286	242897055.75674203	232313901985.54718	1610577097.4632294
121.86266201333844	33877478080.915726	24145827406.103893	3198799886086.011	332401518.5811092	200717071134.00055	1261568687.2986672
122.75731850668024	32227928601.584656	23430129234.640507	2580408640358.966	450503121.88780034	166093817160.13745	988092458.5598931
123.63414702682238	30660024512.89435	22744249408.043617	2080684186303.6511	557852435.6182668	137796901414.85434	773905886.2403775
124.33727757635437	29433639232.50715	22203502166.500694	1746866418321.4934	629201622.2276999	118612217964.13278	588542629.6167929
124.6669703124612	28867136206.430103	21952347347.732063	1608688214829.2053	656075989.9752306	110567448990.32497	606100650.971139
125.0	28300000000.0	21700000000.0	1480000000000.0	678000000.0	103000000000.0	591771885.4822444
125.64630967850115	27213260923.777588	21213639012.59976	1258950102209.6418	704340271.8089093	89778756418.97485	474693184.2502751
126.36268643984673	26030431667.578747	20678970366.02222	1053968527444.6544	711294479.5673239	77185245473.24475	371824922.7357233
127.70634328947176	23875641441.855858	19685260293.412075	764315137155.2274	676334129.2428449	58549748418.09536	290880251.1445189
128.87319593283362	22074589602.447067	18827677786.33885	589529752389.3881	614176702.5164264	46558634422.478645	233122286.72017783
130.0	20400000000.0	18000000000.0	465000000000.0	545000000.0	37600000000.0	175439645.0613459
130.06677920065226	20302804659.749348	17950877568.09261	458515834454.4327	540995679.5351007	37128360142.37459	172716170.9183257
131.66351680529027	18049181515.251835	16773118354.664253	324875628144.2177	453688651.31565356	27391799575.57798	125131160.60697648
132.24010894815495	17269399952.891247	16346573465.923372	285852698054.49786	425885357.7083851	24534712149.511486	104763084.8745898
133.3041311868931	15879435809.41064	15558236502.062239	224973298793.98096	379247197.0281016	20043237850.909824	82046127.18661718
134.4038093720305	14511585629.91304	14742452124.431755	175227551797.91486	336812080.839089	16307673486.284607	64253994.27215826
135.0	13800000000.0	14300000000.0	153000000000.0	316000000.0	14600000000.0	55385682.61551571
135.39132432727286	13344636818.632711	14009641926.072983	139981630148.50116	303106029.75380003	13581711645.914074	50323008.360782
136.53185384950683	12071785447.903246	13166404641.60729	108317256246.71216	268749670.20336384	11026196426.085526	39409392.98411329
137.6814503596032	10873477979.753082	12327208488.69543	84415840005.45377	238556503.33379787	8988880230.24686	30862487.083659474
139.04319975077502	9568966568.108181	11358050856.875624	63956639682.72289	207808673.6872144	7128600302.735288	24166619.536877614
140.0	8730000000.0	10700000000.0	53100000000.0	189000000.0	6090000000.0	20576446.231790155
140.5190481704244	8302390182.535117	10352766685.70492	48003910658.14506	179636435.18926048	5594973019.673532	18922392.466879614
142.42359384745225	6891652535.738458	9144984663.195982	33044520224.778908	149791686.6406231	4115682736.7411966	14446291.61061608
143.93516371157338	5935295209.893186	8268695928.660398	24629707102.871403	130552998.15208603	3252671526.0258307	11598323.296191026
145.0	5340000000.0	7700000000.0	20100000000.0	119000000.0	2770000000.0	10189376.423097923
145.84012073852725	4912340258.271028	7281290554.694558	17156958081.94904	110892580.01159957	2445576544.06115	9180712.767652256
147.26376493664662	4264558506.5382843	6628039118.60233	13211162139.047976	98903418.26485229	1990605675.460741	7268794.414973436
148.89700889111558	3626483134.1043773	5955109671.585083	9943756730.056978	87367319.42775552	1587825085.4048626	5690995.6957347775
150.0	3250000000.0	5540000000.0	8270000000.0	80600000.0	1370000000.0	4879751.424524984
150.6563220846389	3044075275.4806247	5306015721.93986	7410725267.219744	76871343.86508206	1255825744.0807443	4455399.784623561
153.10723701168732	2381344439.27296	4512012392.624677	4906907061.688271	64638713.52466273	912121823.8439717	3189356.8890853343
155.0	1970000000.0	3980000000.0	3580000000.0	56800000.0	718000000.0	2449018.4475986413
155.55762617815952	1863198544.6547492	3835940365.3342266	3265043733.4678373	54722529.95553657	669780059.7525451	2265574.1580168842
157.697985064	1505891374.714496	3332486751.506859	2306700271.0310917	47598446.136731714	515135931.8531772	1692364.423661235
159.21350892636497	1296632410.3027406	3019541440.2982917	1818446933.6621382	43259339.20502199	429949505.2026812	1369899.8706174423
160.0	1200000000.0	2870000000.0	1610000000.0	41200000.0	392000000.0	1222541.024088789
160.96301673462852	1091349896.8928857	2697939484.9112253	1386140811.1404347	38833816.7000795	350307481.39000416	1072480.4442782963
162.77057543654828	913355749.0289552	2404916444.7620053	1045429999.7413596	34810543.49493724	284374952.1267256	877678.0016524598
164.3892043985145	779208875.5785128	2171719327.710994	813177036.345562	31616857.778339975	236707799.81910035	697191.0955196703
165.0	734000000.0	2090000000.0	740000000.0	30500000.0	221000000.0	643723.6423760591
166.99359391710928	604294931.2571181	1844450188.3454623	544830249.4002259	27153732.41584645	176791108.49340054	514423.4737951196
168.72616515083322	510978520.5978498	1655546807.007528	419518069.0170948	24592834.127469394	145955317.64534664	402740.2382706824
170.0	452000000.0	1530000000.0	347000000.0	22900000.0	127000000.0	349277.4876898515
171.0069465604455	410291156.49609125	1438176862.7753112	298461701.9262191	21667263.838778496	113882538.71353011	315217.19935509376
172.77963073386857	346140088.12041026	1291089911.307832	228652681.1155336	19693142.676342472	94219410.69001774	246777.41872165535
174.59019935034084	291166315.99376804	1157978239.8732564	174346877.19388458	17885774.24886976	77871458.11049725	193193.5753180955
175.0	280000000.0	1130000000.0	164000000.0	17500000.0	74600000.0	182814.63057182916
176.36560724189167	245770174.85577127	1041954426.8365068	133784513.03272983	16267008.861606682	64653328.81325755	151247.2886200058
178.31161893253326	204174974.7327619	929171882.8656883	100385075.19451031	14654317.29589514	52761049.63798116	118398.27377933465
180.0	174000000.0	842000000.0	78500000.0	13400000.0	44300000.0	118398.27377933465
185.0	109000000.0	631000000.0	37800000.0	10400000.0	26700000.0	118398.27377933465
190.0	68300000.0	475000000.0	18300000.0	8080000.0	16200000.0	118398.27377933465
195.0	43000000.0	360000000.0	8870000.0	6320000.0	9910000.0	118398.27377933465
200.0	27100000.0	273000000.0	4320000.0	4960000.0	6110000.0	118398.27377933465
205.0	17200000.0	208000000.0	2110000.0	3900000.0	3780000.0	118398.27377933465
210.0	10900000.0	159000000.0	1030000.0	3080000.0	2350000.0	118398.27377933465
215.0	6890000.0	122000000.0	506000.0	2430000.0	1470000.0	118398.27377933465
220.0	4380000.0	93300000.0	249000.0	1930000.0	922000.0	118398.27377933465
225.0	2780000.0	71700000.0	122000.0	1530000.0	580000.0	118398.27377933465
230.0	1770000.0	55100000.0	60200.0	1220000.0	366000.0	118398.27377933465
235.0	1130000.0	42400000.0	29700.0	966000.0	231000.0	118398.27377933465
240.0	720000.0	32700000.0	14600.0	769000.0	146000.0	118398.27377933465
245.0	459000.0	25300000.0	7240.0	613000.0	91900.0	118398.27377933465
